2025-04-13 19:16:53.393857 - Received CBT.V508.FILE390.PDS from FILE390.XMI 
2025-04-13 19:16:53.398217 - Found $$$$$$$$.txt (text/plain) in CBT.V508.FILE390.PDS, moved to PDS/$$$$$$$$
2025-04-13 19:16:53.398303 - Found $$$#DATE.txt (text/plain) in CBT.V508.FILE390.PDS, moved to PDS/$$$#DATE
2025-04-13 19:16:53.398379 - Found $$$ISPF.txt (text/plain) in CBT.V508.FILE390.PDS, moved to PDS/$$$ISPF
2025-04-13 19:16:53.398446 - Found $$JCL.jcl (text/plain) in CBT.V508.FILE390.PDS, moved to PDS/$$JCL
2025-04-13 19:16:53.398510 - Found $$JCLA.jcl (text/plain) in CBT.V508.FILE390.PDS, moved to PDS/$$JCLA
2025-04-13 19:16:53.398570 - Found $$JCLB.jcl (text/plain) in CBT.V508.FILE390.PDS, moved to PDS/$$JCLB
2025-04-13 19:16:53.398634 - Found $$JCLZ12.jcl (text/plain) in CBT.V508.FILE390.PDS, moved to PDS/$$JCLZ12
2025-04-13 19:16:53.398694 - Found $$JCL130.jcl (text/plain) in CBT.V508.FILE390.PDS, moved to PDS/$$JCL130
2025-04-13 19:16:53.398761 - Found $$JCL210.jcl (text/plain) in CBT.V508.FILE390.PDS, moved to PDS/$$JCL210
2025-04-13 19:16:53.398829 - Found $$JCL240.jcl (text/plain) in CBT.V508.FILE390.PDS, moved to PDS/$$JCL240
2025-04-13 19:16:53.398895 - Found $$JCL250.jcl (text/plain) in CBT.V508.FILE390.PDS, moved to PDS/$$JCL250
2025-04-13 19:16:53.398953 - Found $$JCL270.jcl (text/plain) in CBT.V508.FILE390.PDS, moved to PDS/$$JCL270
2025-04-13 19:16:53.399008 - Found $$JCL280.jcl (text/plain) in CBT.V508.FILE390.PDS, moved to PDS/$$JCL280
2025-04-13 19:16:53.399065 - Found $$JCL520.jcl (text/plain) in CBT.V508.FILE390.PDS, moved to PDS/$$JCL520
2025-04-13 19:16:53.399123 - Found $CKPTLST.jcl (text/plain) in CBT.V508.FILE390.PDS, moved to PDS/$CKPTLST
2025-04-13 19:16:53.399190 - Found $CLDOC.txt (text/plain) in CBT.V508.FILE390.PDS, moved to PDS/$CLDOC
2025-04-13 19:16:53.399253 - Found $CLJCL.jcl (text/plain) in CBT.V508.FILE390.PDS, moved to PDS/$CLJCL
2025-04-13 19:16:53.399317 - Found $HELP.txt (text/plain) in CBT.V508.FILE390.PDS, moved to PDS/$HELP
2025-04-13 19:16:53.399380 - Found $INST220.txt (text/plain) in CBT.V508.FILE390.PDS, moved to PDS/$INST220
2025-04-13 19:16:53.399443 - Found $JCL220.jcl (text/plain) in CBT.V508.FILE390.PDS, moved to PDS/$JCL220
2025-04-13 19:16:53.399500 - Found $JQT.txt (text/plain) in CBT.V508.FILE390.PDS, moved to PDS/$JQT
2025-04-13 19:16:53.399557 - Found $JQTO.txt (text/plain) in CBT.V508.FILE390.PDS, moved to PDS/$JQTO
2025-04-13 19:16:53.399623 - Found $LOG.txt (text/plain) in CBT.V508.FILE390.PDS, moved to PDS/$LOG
2025-04-13 19:16:53.399694 - Found $NCCSJCL.jcl (text/plain) in CBT.V508.FILE390.PDS, moved to PDS/$NCCSJCL
2025-04-13 19:16:53.399754 - Found $NCCSJC1.jcl (text/plain) in CBT.V508.FILE390.PDS, moved to PDS/$NCCSJC1
2025-04-13 19:16:53.399823 - Found $ONLDOC.txt (text/plain) in CBT.V508.FILE390.PDS, moved to PDS/$ONLDOC
2025-04-13 19:16:53.399894 - Found $RNBDOC.txt (text/plain) in CBT.V508.FILE390.PDS, moved to PDS/$RNBDOC
2025-04-13 19:16:53.399960 - Found $SBGDOC.txt (text/plain) in CBT.V508.FILE390.PDS, moved to PDS/$SBGDOC
2025-04-13 19:16:53.400029 - Found $TRKCALC.jcl (text/plain) in CBT.V508.FILE390.PDS, moved to PDS/$TRKCALC
2025-04-13 19:16:53.400108 - Found $UFDOC.txt (text/plain) in CBT.V508.FILE390.PDS, moved to PDS/$UFDOC
2025-04-13 19:16:53.400172 - Found $WGHDOC.txt (text/plain) in CBT.V508.FILE390.PDS, moved to PDS/$WGHDOC
2025-04-13 19:16:53.400246 - Found $XMIT.jcl (text/plain) in CBT.V508.FILE390.PDS, moved to PDS/$XMIT
2025-04-13 19:16:53.400310 - Found @COMPLIB.jcl (text/plain) in CBT.V508.FILE390.PDS, moved to PDS/@COMPLIB
2025-04-13 19:16:53.400376 - Found @FILE390.txt (text/plain) in CBT.V508.FILE390.PDS, moved to PDS/@FILE390
2025-04-13 19:16:53.400449 - Found ACTIVE.txt (text/plain) in CBT.V508.FILE390.PDS, moved to PDS/ACTIVE
2025-04-13 19:16:53.400520 - Found ACTIVEO.txt (text/plain) in CBT.V508.FILE390.PDS, moved to PDS/ACTIVEO
2025-04-13 19:16:53.400587 - Found ALLOCATE.txt (text/plain) in CBT.V508.FILE390.PDS, moved to PDS/ALLOCATE
2025-04-13 19:16:53.400656 - Found ALLOCATO.txt (text/plain) in CBT.V508.FILE390.PDS, moved to PDS/ALLOCATO
2025-04-13 19:16:53.400779 - Found AUTH.txt (text/plain) in CBT.V508.FILE390.PDS, moved to PDS/AUTH
2025-04-13 19:16:53.400854 - Found CDAS.txt (text/plain) in CBT.V508.FILE390.PDS, moved to PDS/CDAS
2025-04-13 19:16:53.400921 - Found CDIE.txt (text/plain) in CBT.V508.FILE390.PDS, moved to PDS/CDIE
2025-04-13 19:16:53.401006 - Found CHCT.txt (text/plain) in CBT.V508.FILE390.PDS, moved to PDS/CHCT
2025-04-13 19:16:53.401072 - Found CHCTO.txt (text/plain) in CBT.V508.FILE390.PDS, moved to PDS/CHCTO
2025-04-13 19:16:53.401139 - Found CIOT.txt (text/plain) in CBT.V508.FILE390.PDS, moved to PDS/CIOT
2025-04-13 19:16:53.401206 - Found CJCT.txt (text/plain) in CBT.V508.FILE390.PDS, moved to PDS/CJCT
2025-04-13 19:16:53.401301 - Found CJHIST.txt (text/plain) in CBT.V508.FILE390.PDS, moved to PDS/CJHIST
2025-04-13 19:16:53.401397 - Found CJHIST0.txt (text/plain) in CBT.V508.FILE390.PDS, moved to PDS/CJHIST0
2025-04-13 19:16:53.401462 - Found CJOE.txt (text/plain) in CBT.V508.FILE390.PDS, moved to PDS/CJOE
2025-04-13 19:16:53.401528 - Found CJQE.txt (text/plain) in CBT.V508.FILE390.PDS, moved to PDS/CJQE
2025-04-13 19:16:53.401594 - Found CKPT.txt (text/plain) in CBT.V508.FILE390.PDS, moved to PDS/CKPT
2025-04-13 19:16:53.401684 - Found CKPTBSAM.txt (text/plain) in CBT.V508.FILE390.PDS, moved to PDS/CKPTBSAM
2025-04-13 19:16:53.401758 - Found CPDDB.txt (text/plain) in CBT.V508.FILE390.PDS, moved to PDS/CPDDB
2025-04-13 19:16:53.401822 - Found CPFK.txt (text/plain) in CBT.V508.FILE390.PDS, moved to PDS/CPFK
2025-04-13 19:16:53.401896 - Found CQUIET.txt (text/plain) in CBT.V508.FILE390.PDS, moved to PDS/CQUIET
2025-04-13 19:16:53.401975 - Found CSPIN.txt (text/plain) in CBT.V508.FILE390.PDS, moved to PDS/CSPIN
2025-04-13 19:16:53.402044 - Found CSPINO.txt (text/plain) in CBT.V508.FILE390.PDS, moved to PDS/CSPINO
2025-04-13 19:16:53.402142 - Found CTGPS.txt (text/plain) in CBT.V508.FILE390.PDS, moved to PDS/CTGPS
2025-04-13 19:16:53.402217 - Found CTSO.txt (text/plain) in CBT.V508.FILE390.PDS, moved to PDS/CTSO
2025-04-13 19:16:53.402298 - Found DDNAME.txt (text/plain) in CBT.V508.FILE390.PDS, moved to PDS/DDNAME
2025-04-13 19:16:53.402369 - Found DDNAMEO.txt (text/plain) in CBT.V508.FILE390.PDS, moved to PDS/DDNAMEO
2025-04-13 19:16:53.402455 - Found DDNAMEX.txt (text/plain) in CBT.V508.FILE390.PDS, moved to PDS/DDNAMEX
2025-04-13 19:16:53.402546 - Found DISPLAY.txt (text/plain) in CBT.V508.FILE390.PDS, moved to PDS/DISPLAY
2025-04-13 19:16:53.402628 - Found DISPLAYO.txt (text/plain) in CBT.V508.FILE390.PDS, moved to PDS/DISPLAYO
2025-04-13 19:16:53.402706 - Found FINDJOB.txt (text/plain) in CBT.V508.FILE390.PDS, moved to PDS/FINDJOB
2025-04-13 19:16:53.402784 - Found FINDJOBO.txt (text/plain) in CBT.V508.FILE390.PDS, moved to PDS/FINDJOBO
2025-04-13 19:16:53.402853 - Found FINDPDDB.txt (text/plain) in CBT.V508.FILE390.PDS, moved to PDS/FINDPDDB
2025-04-13 19:16:53.402942 - Found FORMAT.txt (text/plain) in CBT.V508.FILE390.PDS, moved to PDS/FORMAT
2025-04-13 19:16:53.403023 - Found FORMATO.txt (text/plain) in CBT.V508.FILE390.PDS, moved to PDS/FORMATO
2025-04-13 19:16:53.403128 - Found HELP.txt (text/plain) in CBT.V508.FILE390.PDS, moved to PDS/HELP
2025-04-13 19:16:53.403216 - Found HELPO.txt (text/plain) in CBT.V508.FILE390.PDS, moved to PDS/HELPO
2025-04-13 19:16:53.403285 - Found HEXBLK.txt (text/plain) in CBT.V508.FILE390.PDS, moved to PDS/HEXBLK
2025-04-13 19:16:53.403365 - Found HEXDUMP.txt (text/plain) in CBT.V508.FILE390.PDS, moved to PDS/HEXDUMP
2025-04-13 19:16:53.403472 - Found INIT.txt (text/plain) in CBT.V508.FILE390.PDS, moved to PDS/INIT
2025-04-13 19:16:53.403578 - Found INITO.txt (text/plain) in CBT.V508.FILE390.PDS, moved to PDS/INITO
2025-04-13 19:16:53.403693 - Found INITS.txt (text/plain) in CBT.V508.FILE390.PDS, moved to PDS/INITS
2025-04-13 19:16:53.403827 - Found INITX.txt (text/plain) in CBT.V508.FILE390.PDS, moved to PDS/INITX
2025-04-13 19:16:53.403899 - Found JCL.txt (text/plain) in CBT.V508.FILE390.PDS, moved to PDS/JCL
2025-04-13 19:16:53.403971 - Found JLOG.txt (text/plain) in CBT.V508.FILE390.PDS, moved to PDS/JLOG
2025-04-13 19:16:53.404042 - Found JMSG.txt (text/plain) in CBT.V508.FILE390.PDS, moved to PDS/JMSG
2025-04-13 19:16:53.404110 - Found LIST.txt (text/plain) in CBT.V508.FILE390.PDS, moved to PDS/LIST
2025-04-13 19:16:53.404190 - Found LISTDS.txt (text/plain) in CBT.V508.FILE390.PDS, moved to PDS/LISTDS
2025-04-13 19:16:53.404257 - Found NULLDSID.txt (text/plain) in CBT.V508.FILE390.PDS, moved to PDS/NULLDSID
2025-04-13 19:16:53.404332 - Found PARSE.txt (text/plain) in CBT.V508.FILE390.PDS, moved to PDS/PARSE
2025-04-13 19:16:53.404422 - Found PRINT.txt (text/plain) in CBT.V508.FILE390.PDS, moved to PDS/PRINT
2025-04-13 19:16:53.404489 - Found QAUTHCK.txt (text/plain) in CBT.V508.FILE390.PDS, moved to PDS/QAUTHCK
2025-04-13 19:16:53.404575 - Found QCOMMON.txt (text/plain) in CBT.V508.FILE390.PDS, moved to PDS/QCOMMON
2025-04-13 19:16:53.404644 - Found QCXX0001.txt (text/plain) in CBT.V508.FILE390.PDS, moved to PDS/QCXX0001
2025-04-13 19:16:53.404709 - Found QPRBGEN.txt (text/plain) in CBT.V508.FILE390.PDS, moved to PDS/QPRBGEN
2025-04-13 19:16:53.404782 - Found QSCE.txt (text/plain) in CBT.V508.FILE390.PDS, moved to PDS/QSCE
2025-04-13 19:16:53.404867 - Found QSTART.txt (text/plain) in CBT.V508.FILE390.PDS, moved to PDS/QSTART
2025-04-13 19:16:53.404932 - Found QSTOP.txt (text/plain) in CBT.V508.FILE390.PDS, moved to PDS/QSTOP
2025-04-13 19:16:53.404999 - Found QTILT.txt (text/plain) in CBT.V508.FILE390.PDS, moved to PDS/QTILT
2025-04-13 19:16:53.405069 - Found QUECMDS.bin (application/octet-stream) in CBT.V508.FILE390.PDS, moved to PDS/QUECMDS
2025-04-13 19:16:53.405139 - Found QUEUE.txt (text/plain) in CBT.V508.FILE390.PDS, moved to PDS/QUEUE
2025-04-13 19:16:53.405204 - Found QUEUEM2.txt (text/plain) in CBT.V508.FILE390.PDS, moved to PDS/QUEUEM2
2025-04-13 19:16:53.405262 - Found QUEUEM3.txt (text/plain) in CBT.V508.FILE390.PDS, moved to PDS/QUEUEM3
2025-04-13 19:16:53.405320 - Found QUEUEM4.txt (text/plain) in CBT.V508.FILE390.PDS, moved to PDS/QUEUEM4
2025-04-13 19:16:53.405389 - Found QUEUEM5.txt (text/plain) in CBT.V508.FILE390.PDS, moved to PDS/QUEUEM5
2025-04-13 19:16:53.405454 - Found Q0.txt (text/plain) in CBT.V508.FILE390.PDS, moved to PDS/Q0
2025-04-13 19:16:53.405521 - Found READSPC.txt (text/plain) in CBT.V508.FILE390.PDS, moved to PDS/READSPC
2025-04-13 19:16:53.405597 - Found REPOS.txt (text/plain) in CBT.V508.FILE390.PDS, moved to PDS/REPOS
2025-04-13 19:16:53.405674 - Found SAVE.txt (text/plain) in CBT.V508.FILE390.PDS, moved to PDS/SAVE
2025-04-13 19:16:53.405746 - Found SAVEO.txt (text/plain) in CBT.V508.FILE390.PDS, moved to PDS/SAVEO
2025-04-13 19:16:53.405846 - Found SEARCH.txt (text/plain) in CBT.V508.FILE390.PDS, moved to PDS/SEARCH
2025-04-13 19:16:53.405946 - Found SEARCHO.txt (text/plain) in CBT.V508.FILE390.PDS, moved to PDS/SEARCHO
2025-04-13 19:16:53.406038 - Found SEARCHP.txt (text/plain) in CBT.V508.FILE390.PDS, moved to PDS/SEARCHP
2025-04-13 19:16:53.406107 - Found SYSLOG.txt (text/plain) in CBT.V508.FILE390.PDS, moved to PDS/SYSLOG
2025-04-13 19:16:53.406203 - Found SYSOUT.txt (text/plain) in CBT.V508.FILE390.PDS, moved to PDS/SYSOUT
2025-04-13 19:16:53.406270 - Found XDS.txt (text/plain) in CBT.V508.FILE390.PDS, moved to PDS/XDS
